Participant ID,"Group 
(0=YA, 1=OA)",Age ,PSQI,Stanford Sleepiness (pre),Stanford Sleepiness (post),Santa Barbara SOD,miniCOG,Serial Subtraction mean (s),Trail Making A (s),Trail Making B (s),Set Shifting Score,"Corsi Block 
(highest span) ","SSQ (pre) 
(Literature Method)","SSQ (post) 
(Literature Method)","SSQ (pre)
(YB's Method)","SSQ (post)
(YB's Method)","TUG
mean (s)","TUGcog 
mean (s)","DTI 
(TUGcog - TUG)",FSST (s),"BPST 
(number correct trials)","BPST 
(highest span)","NBWT 
Foot on, 
mean of trials 3-5 (m)","NBWT 
Foot off, 
mean of trials 3-5 (m)","VR Maze: block1
Time to complete (s)","VR Maze: block 2
Time to complete (s)","VR Maze: block 3
Time to complete (s)","VR Maze: 
Time to complete, Mean (s)","VR Maze:
Time to Complete, B3-B1","Bank: 
Time to Complete (s)","Bank: 
Nav-Cog Time to Complete (s)","Bank:
Nav Cog Time-Time (s)",Distance Traveled: block 1,Distance Traveled: block 2,Distance Traveled: block 3,Distance Travelled: Mean,"Change in distance traveled 
(block 3-1)",Change in distane traveled (Block 2-1) ,Distance Traveled: total,Dwell Time Mean (s),Dwell Time Max (s),Map Task,Dwell Mean B1,Dwell Mean B2,Dwell Mean B3
BNC01,0,24.8,5,2,4,2.20,5,8.38,30.3,27.8,-2.5,6,128.058,345.576,0.064,0.149,5.79,6.51,0.72,6.12,6,5,19.5,20.0,486.65876,232.81932,151.388768,290.2889493,-335.269992,17.172263,28.30263,11.130367,3156.51716,1475.703208,1477.64982,2036.623396,-1678.9,-1680.813952,6109.870188,0.8786059498,5.8959,34.375,1.086050147,0.9232100418,0.6265576605
BNC02,0,26.4,6,2,3,3.40,5,8.83,20.9,21.5,0.6,7,156.407,156.407,0.116,0.116,8.22,8.38,0.16,8.16,5,4,16.2,16.3,385.76351,87.213263,70.02945,181.0020743,-315.73406,16.538998,28.203393,11.664395,1797.746585,807.6009144,656.4746162,1087.274039,-1141.3,-990.1456706,3261.822116,0.7996643083,23.96519,100,1.24034825,0.6119090142,0.5467356608
BNC03,0,19.8,3,6,1,5.20,5,13.39,26.8,41.5,14.7,7,0.000,0.000,0.000,0.000,7.56,7.16,-0.40,7.85,4,2,19.0,19.7,578.22307,206.91611,194.982746,326.7073087,-383.240324,17.019877,27.706442,10.686565,4051.756051,1739.062458,1826.298922,2539.039144,-2225.5,-2312.693593,7617.117431,0.8348637015,10.14661,68.75,1.154970933,0.7402997467,0.6093204249
BNC04,0,22.8,5,1,1,5.26,4,49.1,32.3,37.4,5.1,7,0.000,108.759,0.000,0.018,7.26,9.47,2.21,8.03,7,5,21.8,21.8,503.37092,209.02695,190.53181,300.97656,-312.83911,21.609196,35.654112,14.044916,2194.28961,1165.097488,1185.583332,1514.990143,-1008.7,-1029.192122,4544.97043,1.161104422,14.7211851,71.875,1.441273376,1.066862045,0.9751778448
BNC05,0,28.8,6,3,1,4.87,5,26.31,30.2,36.0,5.8,6,120.727,397.637,0.093,0.201,8.20,8.67,0.47,8.1,7,5,17.8,18.0,469.64504,181.08228,59.140569,236.6226297,-410.504471,25.17537,47.61862,22.44325,2239.331462,1177.724389,668.135382,1361.730411,-1571.2,-1061.607073,4085.191233,0.9936347636,11.125257,90.625,1.611859741,0.8328265576,0.5362179922
BNC06,1,61.4,5,1,1,6.87,5,9.50,35.7,48.3,12.6,6,0.000,108.759,0.000,0.052,9.41,9.35,-0.06,5.69,5,5,12.8,13.5,230.80524,157.35953,115.233269,167.7993463,-115.571971,23.094183,34.38163,11.287447,1880.1218,1253.38946,968.8729833,1367.461414,-911.2,-626.73234,4102.384243,0.5631330993,12.28589,50,0.6492827558,0.5835757357,0.4565408065
BNC07,0,27.4,4,2,2,4.53,5,50.36,24.1,54.6,30.5,6,116.090,229.486,0.041,0.093,5.02,6.56,1.54,5.75,6,4,13.3,14.3,436.45314,190.282225,127.052832,251.2627323,-309.400308,17.516537,38.186671,20.670134,2134.413735,1345.162761,1108.910418,1529.495638,-1025.5,-789.250974,4588.486914,0.8563903386,20.0136767,68.75,1.268941722,0.7650418839,0.5351874099
BNC08,0,30.1,8,2,2,3.53,4,12.69,30.5,35,4.5,7,56.698,0.000,0.018,0.000,7.17,7.08,-0.09,7.5,6,6,20.0,20.0,402.99069,272.792337,154.949495,276.9108407,-248.041195,24.056464,231.756,207.699536,3164.322738,2763.941525,1569.482521,2499.248928,-1594.8,-400.381213,7497.746784,0.6835096943,7.129897,50,0.8636328083,0.5944244795,0.592471795
BNC09,0,25.3,3,1,1,3.93,5,10.38,24,29.6,5.6,7,149.076,229.486,0.111,0.111,4.58,5.49,0.91,5.85,8,6,21.0,21.3,986.077404,342.362403,383.150344,570.5300503,-602.92706,35.462297,49.97401,14.511713,2667.081923,1131.473102,1773.293651,1857.282892,-893.8,-1535.608821,5571.848676,1.659196613,20.09008,59.375,2.375829167,1.505390311,1.09637036
BNC10,1,78.9,4,1,1,6.13,3,18.96,47.6,71.2,23.6,4,64.029,0.000,0.041,0.000,7.58,8.45,0.87,9.03,2,2,9.3,10.0,544.68076,701.74377,498.65193,581.6921533,-46.02883,63.32995,65.14807,1.81812,2006.587477,3608.339943,3381.915466,2998.947629,1375.3,1601.752466,8996.842886,1.193041918,37.70743,18.75,1.916859056,0.9598408576,0.7024258405
BNC11,0,25.7,3,1,1,5.40,5,24.04,23.7,34.3,10.6,6,144.439,0.000,0.075,0.000,7.08,7.00,-0.08,8.09,4,4,20.8,21.0,374.21214,144.366877,88.251971,202.276996,-285.960169,23.892522,32.37663,8.484108,1771.949004,827.6736407,701.3347723,1100.319139,-1070.6,-944.2753633,3300.957417,1.173073225,10.41405,90.625,1.559703774,1.155930124,0.8035857772
BNC12,0,28.8,8,3,1,5.60,5,12.19,23.6,32.7,9.1,8,92.378,28.349,0.059,0.018,4.59,4.30,-0.29,4.41,10,7,20.8,21.0,406.730893,70.098021,58.412691,178.4138683,-348.318202,14.695769,15.849566,1.153797,3155.658405,781.4557818,745.4395566,1560.851248,-2410.2,-2374.202623,4682.553743,0.5940966721,10.2687,100,0.7848230371,0.5639185038,0.4335484754
BNC13,1,69.1,5,1,1,4.00,4,15.86,23.6,45.6,22,5,0.000,92.378,0.000,0.059,7.86,7.81,-0.05,7.9,5,4,11.5,10.8,1148.86304,325.37549,198.37951,557.5393467,-950.48353,31.208501,38.15839,6.949889,4875.162137,1240.531054,1077.187232,2397.626808,-3798.0,-3634.631083,7192.880423,1.051545556,13.5,56.25,1.348973869,1.064479298,0.7411835016
BNC14,1,65.6,5,2,2,4.53,5,14.00,28.2,132.3,104.1,7,461.666,317.227,0.208,0.134,8.63,7.99,-0.64,8.06,6,4,14.8,15.3,765.52758,303.35302,181.928545,416.9363817,-583.599035,80.03882,27.886819,-52.152001,3335.027061,1755.119703,1271.504037,2120.550267,-2063.5,-1579.907358,6361.650801,0.5148329793,24.05162,59.375,0.6574120981,0.4696900685,0.4173967713
BNC15,1,60,7,3,4,5.00,4,12.27,29.6,60.8,31.2,7,272.496,92.378,0.175,0.059,7.21,8.23,1.02,8.53,6,6,15.8,16.3,634.55503,336.98511,242.211237,404.5837923,-392.343793,40.489956,39.21529,-1.274666,2249.586433,1649.897316,1347.64937,1749.044373,-901.9,-599.689117,5247.133119,1.509227865,19.527038,43.75,2.033238898,1.444929933,1.049514763
BNC16,1,65.8,8,1,2,3.53,4,15.90,29.5,44.2,14.7,5,172.788,329.195,0.111,0.211,8.10,8.98,0.88,10.62,4,4,14.5,14.7,2133.4701,590.12714,639.04435,1120.88053,-1494.42575,24.238859,35.186092,10.947233,6998.717596,3002.908939,3079.759547,4360.462027,-3919.0,-3995.808657,13081.38608,0.9917848286,44.37985,9.375,1.248700805,0.8538111587,0.8728425221
BNC17,1,74.4,8,1,1,5.27,5,33.26,36.8,59.9,23.1,5,0.000,0.000,0.000,0.000,9.74,11.64,1.90,10.53,2,3,10.0,10.2,1046.7795,1123.28029,820.13085,996.7302133,-226.64865,37.608022,37.513512,-0.09451,1905.552219,4924.404146,3503.695851,3444.550739,1598.1,3018.851927,10333.65222,2.541681411,13.62493,31.25,4.533698892,1.585750461,1.505594879
BNC18,1,73.8,3,1,1,5.93,3,15.73,45.0,67.6,22.6,6,0.000,0.000,0.000,0.000,8.36,8.81,0.45,9.37,3,3,16.8,17.2,674.73253,382.21266,226.30964,427.75161,-448.42289,31.523761,47.51083,15.987069,3165.244522,1839.499873,1245.244711,2083.329702,-1920.0,-1325.744649,6249.989106,0.8830107767,64.4639449,68.75,0.9847772537,0.9725351903,0.691719886
BNC19,1,65.6,8,1,1,5.80,4,17.06,36.2,41.8,5.6,6,,,,,6.64,8.92,2.28,7.94,4,3,19.7,20.0,535.93724,371.31787,109.80038,339.0184967,-426.13686,26.638439,43.82693,17.188491,2247.085853,1958.542887,719.0032238,1641.543988,-1528.082629,-288.542966,4924.631964,0.9531020926,17.2079143,78.125,1.23435147,0.9086776965,0.7162771114
BNC20,1,65.4,1,1,1,5.06,5,8.40,25.9,48.4,22.5,6,,,,,7.06,6.60,-0.46,8.53,4,3,13.5,14.2,540.11935,193.68483,125.387375,286.397185,-414.731975,24.167509,28.351685,4.184176,3047.579182,1270.577191,885.7023395,1734.619571,-2161.876843,-1777.001991,5203.858713,0.9238797012,8.3466981,59.375,1.109989561,0.8789773605,0.7826721821
BNC23,0,23.7,5,3,3,3.6,5,10.77,21,32.5,11.5,6,,,0,0,5.79,6.34,0.55,5.57,5,4,21.17,21.33,543.097695,146.730872,69.545584,253.124717,-473.552111,13.62,29.60569,15.99,3523.404587,1463.626222,700.8268323,1895.952547,-2822.6,-2059.778365,5687.857641,0.6871215487,12.76061,75,0.9935741764,0.5607767476,0.5070137221
BNC24,1,64.7,1,1,1,5.07,4,29.36,36.7,54.7,18,4,,,0,0,6.08,8.08,2,6.5,4,3,15.33,16.17,564.936301,256.48754,291.372545,370.9321287,-273.563756,27.91,48.54971,20.64,2838.76337,1664.152042,1828.464826,2110.460079,-1010.3,-1174.611328,6331.380238,1.062240564,11.82927,75,1.438684038,0.8845389894,0.8634986659
BNC25,1,70.3,4,2,1,5.3,4,21.07,27.6,68.7,41.1,6,,,0.074,0.063,5.51,6.22,0.71,6.5,4,3,15.8,17.00,863.55213,857.5402097,531.88079,750.9910432,-331.67134,30.56,40.71855,10.16,3623.161372,3896.935654,2709.884767,3409.993931,-913.3,273.774282,10229.98179,1.319744428,19.71939,25,1.948071063,1.031803435,0.979358787
BNC26,0,21.5,5,2,3,2.7,5,18.93,25.7,38,12.3,8,,,0.041,0.052,6.6,7.3,-0.7,7.09,5,5,15.30,15.50,291.0045,135.2188,72.21136,166.1448867,-218.79314,17.27823,42.17806,24.89983,1364.176128,860.8007708,640.7725379,955.2498122,-723.4,-503.3753572,2865.749437,1.053254236,8.54137,71.875,1.520312084,0.8812798404,0.7581707834
BNC27,0,26.2,5,1,3,4.5,5,17.85,22.7,22.5,-0.2,8,,,0,0,6.08,7.07,-0.99,5.69,8,5,21.50,21.83,406.53525,134.7268066,61.445516,200.9025242,-345.089734,17.47883,56.93167,39.45284,2380.050454,1015.849986,696.9104243,1364.270288,-1683.1,-1364.200468,4092.810864,0.7404049952,5.9306414,81.25,1.022216487,0.7416883414,0.4573101573
BNC28,0,24.5,7,1,1,3.4,4,13.61,17.1,28.7,11.6,7,,,0,0,4.51,5.58,-1.07,4.02,11,7,22.00,22.00,189.086331,108.486101,227.038985,174.8704723,37.952654,12.90063,36.08163,23.181,1282.215805,977.0126459,2153.930991,1471.053147,871.7,-305.2031591,4413.159442,0.7121938395,6.138796,56.25,0.9647656919,0.6409147889,0.5309010377
BNC29,0,21.5,5,3,4,3,5,20.76,26.1,27,0.9,6,,,0.085,0.19,6.29,6.8,-0.51,6.5,6,5,21.00,21.30,384.74054,354.713424,295.124748,344.8595707,-89.615792,34.21332,47.13116,12.91784,2414.506737,2210.422394,2275.533896,2300.154342,-139.0,-204.084343,6900.463027,0.8041663391,17.08915,53.125,0.9167964309,0.7812746263,0.7144279601
BNC30,0,26.6,3,1,1,6.87,5,27.26,21.3,36.1,14.8,6,,,0.09,0,5.23,5.23,0,4.6,6,5,22,22,296.1438,134.2885,83.8792,171.4371667,-212.2646,,,,1698.732974,971.5737621,675.2442415,1115.183659,-1023.5,-727.1592119,3345.550978,0.9011414264,8.55495,100,1.269755908,0.7735918917,0.6600764796
BNC31,0,26,2,2,1,5.33,5,10.75,27,33.7,6.7,7,,,0,0,5.73,6.2,-0.47,5.28,9,6,22,22,431.3297,288.778,184.6376,301.5817667,-246.6921,27.97509,34.77083,6.79574,1832.509355,1531.800177,978.6088172,1447.63945,-853.9,-300.709178,4342.918349,1.364345662,10.7427261,56.25,1.69900351,1.212048634,1.181984841
BNC32,0,21.6,6,3,2,4.27,5,35.06,25,30.5,5.5,7,,,0.041,0,5.22,6.41,-1.19,5.69,13,9,22,22,696.2934,338.7152,318.1172,451.0419333,-378.1762,12.63585,25.61453,12.97868,3906.851087,1780.797925,2006.328894,2564.659302,-1900.5,-2126.053162,7693.977906,1.182623779,17.27763,46.875,1.168356876,1.172810545,1.206703915
BNC33,0,24.3,5,1,1,6,5,9.07,29.5,37.3,7.8,6,,,0.041,0.13,5.82,6.22,-0.4,5.25,6,5,20.3,20.7,404.8204,121.8506,73.51354,200.0615133,-331.30686,21.47208,23.96283,2.49075,2309.246404,986.7765849,632.7977672,1309.606919,-1676.4,-1322.469819,3928.820756,0.8429679117,8.277902,81.25,1.227183178,0.6116848794,0.6900356778
BNC34,0,26,4,2,4,5.4,5,43.52,35.2,75.1,39.9,6,,,0.03,0.05,5.55,5.74,-0.19,5.19,7,5,20.5,20,265.0365,231.9034,128.4008,208.4469,-136.6357,26.55965,85.23341,58.67376,1233.53734,1464.907882,867.5825432,1188.675922,-365.9547968,231.370542,3566.027765,1.181051979,11.666596,62.5,1.681748091,0.9435993734,0.9178084733
BNC39,1,71.1,4,1,1,6.9,4,15.34,35.9,56.3,20.4,6,,,0,0.1203,7.09,7.82,-0.73,9.07,6,6,9.17,9.83,1948.23538,290.01003,347.1545,861.79997,-1601.08088,28.66046,64.74359,36.08313,3993.548988,1064.54185,1380.34921,2146.146683,-2613.2,-2929.007138,6438.440048,1.991251241,430.0537725,71.875,2.84206311,1.653310494,1.478380119
BNC40,1,82.2,10,2,3,5.07,3,67.3,48.6,159.5,110.9,5,,,0.1385,0.1672,10.71,11.98,-1.27,10.28,3,3,11.2,11.5,1375.64036,759.47643,557.12773,897.41484,-818.51263,,,0,4157.251853,2661.234748,2391.127364,3069.871322,-1766.1,-1496.017105,9209.613965,2.35777461,109.1137,15.625,3.638044231,1.952363368,1.482916231
BNC41,1,69.9,2,1,1,3.6,4,25,36.2,47.3,11.1,5,,,0.15,0.04,7.25,8.45,-1.2,7.6,4,3,12.83,14,563.71097,324.411024,500.89611,463.0060347,-62.81486,,,0,1942.137883,1440.587502,2079.774234,1820.833206,137.6,-501.550381,5462.499619,1.251752669,10.5066764,56.25,1.749635884,0.9582146608,1.047407461
BNC42,1,61.7,6,2,3,5.53,5,10.71,22.4,37.8,15.4,7,,,0,0.1762,6.89,7.22,-0.33,8.03,8,7,17.6,18,660.07171,234.97831,191.047889,362.0326363,,,0,,3992.609242,1309.890039,1335.177676,2212.558986,-2657.4,-2682.719203,6637.676957,0.9181512959,15.23003,71.875,1.150556405,0.9715242919,0.6323731909
BNC43,1,65.4,1,1,2,5.13,5,8.78,34.6,47,12.4,6,,,0.1,0.018,8.84,9.28,-0.44,9.56,4,4,5.5,5.83,723.95128,419.19064,349.60201,497.58131,,,,,2120.694911,1671.959315,1519.42,1770.691409,-601.274911,-448.735596,5312.074226,1.5280571,27.753115,21.875,2.183653466,1.460742168,0.9397756654
BNC44,1,76.2,1,2,1,5.3,5,21.56,32.4,48,15.6,6,,,,,7.62,7.6,0.02,7.35,6,4,10.5,10.2,762.68278,511.55463,369.72925,547.9888867,,,,,2860.759154,1791.962733,1445.46838,2032.730089,-1415.290774,-1068.796421,6098.190267,1.255195517,21.91212,25,1.448475403,1.259741713,1.057369434
BNC45,1,74.5,8,2,2,5.53,4,17.32,36.5,33.5,-3,5,,,0.07,0.18,7.51,8.24,-0.73,7.88,5,4,6,7.7,714.0249,409.18563,286.41489,469.87514,,,,,3283.229313,2014.756276,1545.268932,2281.08484,-1737.960381,-1268.473037,6843.254521,1.236651,12.46215,78.125,1.560221157,1.113861323,1.03587052
BNC46,1,70.9,3,1,1,4.2,3,21.9,31.5,43.4,11.9,5,,,0.172,0.128,6.74,6.54,0.2,10.47,5,4,8.2,9.5,1378.43113,322.3527062,1174.28356,958.3557987,,,,,6556.528282,1376.528177,5955.86026,4629.638906,-600.668022,-5180.000105,13888.91672,1.302199437,41.2412,31.25,1.86732763,0.986076368,1.053194312